567.964675384 38.5380414775
567.964675384 38.5380414775
567.964675384 38.5380414775
567.964675384 38.5380414775
567.964675384 38.5380414775
567.964675384 38.5380414775
567.964675384 38.5380414775
567.964675384 33.7380414775
567.964675384 26.5380414775
567.964675384 19.1880414775
567.964675384 11.9880414775
567.964675384 4.6380414775
567.964675384 1.0380414775
567.964675384 0.138041477495
567.964675384 0.138041477495
567.964675384 0.138041477495
567.964675384 0.138041477495
567.964675384 0.138041477495
567.964675384 12.2880414775
567.964675384 19.4880414775
567.964675384 26.6880414775
567.964675384 34.0380414775
567.964675384 43.6380414775
567.964675384 50.9880414775
567.964675384 58.1880414775
567.964675384 65.3880414775
567.964675384 72.5880414775
567.964675384 79.7880414775
567.964675384 86.9880414775
567.964675384 94.1880414775
567.964675384 101.388041477
567.964675384 111.138041477
567.964675384 118.488041477
567.964675384 125.688041477
567.964675384 132.888041477
567.964675384 140.238041477
567.964675384 147.438041477
567.964675384 148.788041477
567.964675384 148.788041477
567.964675384 155.988041477
567.964675384 165.588041477
567.964675384 172.788041477
567.964675384 180.138041477
567.964675384 187.188041477
567.964675384 194.388041477
567.964675384 201.738041477
567.964675384 208.938041477
567.964675384 216.288041477
567.964675384 225.888041477
567.964675384 233.088041477
567.964675384 239.688041477
567.964675384 246.738041477
567.964675384 253.788041477
567.964675384 261.138041477
567.964675384 268.338041477
567.964675384 275.538041477
567.964675384 282.588041477
567.964675384 284.088041477
567.964675384 286.488041477
567.964675384 293.688041477
567.964675384 299.988041477
567.964675384 306.888041477
567.964675384 314.238041477
567.964675384 321.588041477
567.964675384 328.788041477
567.964675384 336.138041477
567.964675384 345.738041477
567.964675384 352.938041477
567.964675384 359.538041477
567.964675384 366.438041477
567.964675384 373.188041477
567.964675384 380.388041477
567.964675384 387.738041477
567.964675384 395.088041477
567.964675384 402.288041477
567.964675384 412.038041477
567.964675384 419.088041477
567.964675384 422.238041477
567.964675384 433.638041477
567.964675384 440.388041477
567.964675384 447.588041477
567.964675384 454.938041477
567.964675384 462.288041477
567.964675384 469.488041477
567.964675384 479.238041477
567.964675384 486.438041477
567.964675384 493.338041477
567.964675384 500.538041477
567.964675384 507.738041477
567.964675384 515.088041477
567.964675384 522.288041477
567.964675384 529.488041477
567.964675384 536.838041477
567.964675384 546.588041477
567.964675384 553.788041477
567.964675384 560.538041477
567.964675384 567.438041477
567.964675384 569.988041477
567.964675384 582.138041477
567.964675384 589.338041477
567.964675384 596.688041477
567.964675384 605.238041477
567.964675384 613.788041477
567.964675384 620.238041477
567.964675384 626.688041477
567.964675384 633.438041477
567.964675384 640.638041477
567.964675384 647.988041477
567.964675384 655.338041477
567.964675384 662.538041477
567.964675384 670.788041477
567.964675384 679.488041477
567.964675384 686.238041477
567.964675384 692.838041477
567.964675384 695.238041477
567.964675384 695.238041477
567.964675384 695.238041477
567.964675384 695.238041477
567.964675384 695.238041477
567.964675384 686.988041477
567.964675384 678.288041477
567.964675384 671.988041477
567.964675384 665.388041477
567.964675384 658.638041477
567.964675384 651.738041477
567.964675384 644.388041477
567.964675384 637.188041477
567.964675384 629.988041477
567.964675384 621.738041477
567.964675384 612.888041477
567.964675384 606.288041477
567.964675384 599.838041477
567.964675384 592.938041477
567.964675384 585.738041477
567.964675384 578.388041477
567.964675384 571.038041477
567.964675384 563.988041477
567.964675384 562.638041477
567.964675384 560.238041477
567.964675384 553.038041477
567.964675384 546.288041477
567.964675384 539.088041477
567.964675384 531.738041477
567.964675384 524.538041477
567.964675384 517.188041477
567.964675384 509.838041477
567.964675384 502.638041477
567.964675384 494.838041477
567.964675384 485.838041477
567.964675384 478.788041477
567.964675384 471.588041477
567.964675384 464.388041477
567.964675384 457.188041477
567.964675384 449.838041477
567.964675384 441.438041477
567.964675384 433.038041477
567.964675384 425.838041477
567.964675384 425.388041477
567.964675384 422.988041477
567.964675384 415.938041477
567.964675384 408.738041477
567.964675384 401.538041477
567.964675384 392.988041477
567.964675384 384.738041477
567.964675384 377.388041477
567.964675384 370.038041477
567.964675384 362.688041477
567.964675384 355.488041477
567.964675384 348.138041477
567.964675384 340.938041477
567.964675384 333.738041477
567.964675384 326.388041477
567.964675384 318.288041477
567.964675384 309.438041477
567.964675384 302.238041477
567.964675384 294.888041477
567.964675384 287.688041477
567.964675384 285.288041477
567.964675384 272.988041477
567.964675384 265.788041477
567.964675384 258.588041477
567.964675384 250.038041477
567.964675384 241.638041477
567.964675384 234.438041477
567.964675384 227.088041477
567.964675384 219.888041477
567.964675384 212.538041477
567.964675384 205.638041477
567.964675384 203.238041477
567.964675384 203.238041477
562.264675384 203.238041477
553.864675384 203.238041477
545.464675384 203.238041477
538.264675384 203.238041477
531.364675384 203.238041477
524.164675384 203.238041477
517.114675384 203.238041477
514.864675384 203.238041477
514.864675384 203.238041477
506.464675384 203.238041477
497.914675384 203.238041477
490.714675384 203.238041477
483.514675384 203.238041477
476.164675384 203.238041477
468.964675384 203.238041477
461.614675384 203.238041477
454.264675384 203.238041477
445.714675384 203.238041477
437.464675384 203.238041477
430.114675384 203.238041477
422.764675384 203.238041477
415.564675384 203.238041477
408.214675384 203.238041477
401.464675384 203.238041477
394.414675384 203.238041477
387.064675384 203.238041477
380.014675384 203.238041477
377.914675384 203.238041477
375.514675384 203.238041477
368.314675384 203.238041477
361.114675384 203.238041477
353.764675384 203.238041477
347.164675384 203.238041477
340.264675384 203.238041477
332.914675384 203.238041477
325.714675384 203.238041477
316.714675384 203.238041477
308.914675384 203.238041477
301.564675384 203.238041477
294.364675384 203.238041477
287.164675384 203.238041477
280.564675384 203.238041477
273.514675384 203.238041477
266.314675384 203.238041477
259.114675384 203.238041477
249.664675384 203.238041477
249.514675384 203.238041477
246.964675384 203.238041477
239.764675384 203.238041477
232.414675384 203.238041477
231.364675384 203.238041477
231.364675384 203.238041477
235.414675384 203.238041477
242.614675384 203.238041477
252.214675384 203.238041477
259.564675384 203.238041477
266.764675384 203.238041477
273.964675384 203.238041477
281.164675384 203.238041477
288.364675384 203.238041477
295.714675384 203.238041477
303.064675384 203.238041477
310.264675384 203.238041477
319.864675384 203.238041477
327.214675384 203.238041477
334.414675384 203.238041477
336.514675384 203.238041477
338.914675384 203.238041477
346.264675384 203.238041477
353.464675384 203.238041477
360.664675384 203.238041477
370.264675384 203.238041477
377.464675384 203.238041477
384.814675384 203.238041477
392.014675384 203.238041477
399.364675384 203.238041477
406.564675384 203.238041477
413.914675384 203.238041477
420.814675384 203.238041477
430.114675384 203.238041477
437.614675384 203.238041477
444.814675384 203.238041477
452.014675384 203.238041477
459.214675384 203.238041477
466.564675384 203.238041477
473.914675384 203.238041477
480.964675384 203.238041477
481.564675384 203.238041477
483.964675384 203.238041477
491.164675384 203.238041477
498.514675384 203.238041477
505.864675384 203.238041477
513.214675384 203.238041477
520.264675384 203.238041477
527.614675384 203.238041477
534.814675384 203.238041477
542.464675384 203.238041477
549.664675384 203.238041477
558.964675384 203.238041477
566.164675384 203.238041477
573.514675384 203.238041477
580.864675384 203.238041477
588.064675384 203.238041477
589.414675384 203.238041477
589.414675384 203.238041477
